1 3
2 1
3 0
4 1
6 5
7 8
8 6
9 11
10 8
11 5
13 16
14 15
15 12
16 12
18 17
20 19
22 26
23 33
24 30
25 27
26 24
27 29
28 31
29 34
30 31
31 25
32 21
33 37
34 21
35 38
36 34
37 36
38 23
39 28
41 40
42 41
43 40
45 44
48 47
49 47
50 48
51 48
53 52
54 52
55 56
56 52
58 57
59 58
60 57
62 78
63 65
64 70
65 77
66 78
67 70
68 61
69 75
70 77
71 76
72 64
73 74
74 79
75 84
76 61
77 80
78 83
79 62
80 84
81 72
82 87
83 71
84 88
85 65
86 69
87 72
88 73
90 94
91 93
92 89
93 94
94 92
97 96
99 101
100 98
101 100
103 104
104 102
106 105
107 105
109 108
110 108
111 110
113 112
114 117
115 116
116 112
117 113
120 119
122 125
123 124
124 121
125 121
127 131
128 127
129 127
130 128
131 126
133 137
134 137
135 132
136 133
137 135
139 143
140 141
141 143
142 138
143 138
144 142
146 149
147 145
148 145
149 152
150 154
151 155
152 153
153 147
154 148
155 145
157 160
158 156
159 162
160 163
161 159
162 158
163 156
165 169
166 176
167 171
168 167
169 178
170 165
171 170
172 177
173 172
174 168
175 164
176 169
177 171
178 175
181 197
182 184
183 199
184 198
185 182
186 189
187 193
188 186
189 196
190 188
191 187
192 193
193 180
194 201
195 185
196 183
197 194
198 200
199 198
200 180
201 182
203 202
204 210
205 207
206 205
207 208
208 209
209 204
210 203
211 202
213 216
214 213
215 219
216 220
217 218
218 220
219 212
220 212
222 221
224 229
225 230
226 223
227 226
228 226
229 227
230 227
231 232
232 223
234 238
235 241
236 243
237 238
238 236
239 233
240 237
241 233
242 244
243 241
244 239
245 236
246 242
248 249
249 247
251 254
252 251
253 254
254 250
256 257
257 255
259 262
260 264
261 263
262 265
263 258
264 265
265 261
266 267
267 260
270 272
271 274
272 280
273 279
274 270
275 270
276 286
277 273
278 273
279 269
280 278
281 269
282 284
283 271
284 276
285 269
286 283
288 289
289 287
290 287
291 290
292 288
293 292
294 293
295 292
296 295
299 298
300 299
303 306
304 306
305 303
306 302
307 304
309 312
310 312
311 309
312 308
314 317
315 316
316 314
317 313
319 318
321 322
322 320
324 331
325 323
326 328
327 330
328 324
329 331
330 331
331 325
333 332
335 339
336 338
337 334
338 339
339 334
340 336
341 342
342 337
344 353
345 352
346 355
347 343
348 350
349 347
350 356
351 345
352 346
353 345
354 357
355 348
356 349
357 343
358 350
359 349
361 360
363 362
364 400
365 387
366 382
367 375
368 389
369 393
370 397
371 370
372 367
373 387
374 377
375 405
376 389
377 379
378 403
379 408
380 396
381 410
382 392
383 375
384 382
385 362
386 404
387 385
388 378
389 364
390 406
391 365
392 374
393 367
394 388
395 406
396 408
397 401
398 402
399 389
400 362
401 369
402 375
403 398
404 395
405 368
406 412
407 376
408 390
409 372
410 394
411 369
412 371
414 418
415 422
416 423
417 413
418 420
419 413
420 413
421 415
422 414
423 414
424 422
426 425
427 426
429 445
430 444
431 428
432 448
433 447
434 445
435 443
436 431
437 432
438 451
439 446
440 430
441 435
442 447
443 429
444 435
445 428
446 438
447 436
448 440
449 445
450 439
451 437
453 452
454 458
455 453
456 454
457 452
458 452
459 458
460 454
462 470
463 468
464 470
465 467
466 469
467 466
468 465
469 461
470 463
472 471
474 476
475 473
476 475
478 487
479 489
480 477
481 482
482 483
483 480
484 477
485 478
486 482
487 484
488 481
489 477
491 499
492 495
493 497
494 492
495 490
496 490
497 500
498 497
499 496
500 494
502 511
503 507
504 520
505 511
506 502
507 514
508 502
509 501
510 524
511 518
512 521
513 514
514 510
515 524
516 509
517 521
518 514
519 507
520 515
521 513
522 503
523 516
524 501
526 525
528 527
529 530
530 527
531 527
533 532
534 535
535 533
537 536
538 539
539 536
541 542
542 546
543 540
544 549
545 551
546 540
547 542
548 540
549 553
550 541
551 548
552 548
553 543
556 562
557 561
558 555
559 556
560 566
561 563
562 569
563 571
564 571
565 566
566 563
567 557
568 572
569 565
570 572
571 555
572 557
573 568
575 576
576 600
577 598
578 604
579 596
580 579
581 595
582 584
583 594
584 574
585 578
586 574
587 590
588 581
589 574
590 575
591 583
592 585
593 601
594 587
595 596
596 591
597 589
598 581
599 593
600 601
601 582
602 600
603 604
604 580
606 628
607 628
608 606
609 605
610 620
611 621
612 608
613 643
614 637
615 617
616 617
617 618
618 638
619 613
620 606
621 615
622 616
623 640
624 633
625 630
626 625
627 625
628 613
629 614
630 614
631 626
632 616
633 642
634 638
635 611
636 627
637 623
638 607
639 627
640 609
641 626
642 635
643 631
644 641
646 645
647 645
649 648
651 650
652 653
653 651
654 650
655 653
657 656
658 656
660 659
661 675
662 664
663 676
664 671
665 676
666 663
667 664
668 678
669 660
670 663
671 680
672 669
673 672
674 669
675 678
676 661
677 666
678 672
679 674
680 677
682 686
683 685
684 687
685 681
686 684
687 689
688 690
689 683
690 685
691 681
692 693
693 686
695 701
696 698
697 700
698 694
699 694
700 696
701 699
703 702
704 702
706 705
707 706
709 708
711 710
712 711
715 719
716 725
717 730
718 719
719 716
720 736
721 743
722 740
723 720
724 744
725 742
726 719
727 720
728 718
729 721
730 715
731 727
732 723
733 714
734 738
735 740
736 735
737 714
738 731
739 725
740 718
741 716
742 714
743 744
744 722
745 740
746 736
748 751
749 774
750 747
751 753
752 753
753 758
754 750
755 766
756 751
757 747
758 777
759 747
760 749
761 751
762 777
763 775
764 747
765 748
766 756
767 757
768 778
769 762
770 750
771 777
772 751
773 771
774 764
775 759
776 754
777 750
778 779
779 748
780 779
782 805
783 781
784 786
785 788
786 799
787 805
788 804
789 785
790 781
791 802
792 784
793 783
794 805
795 788
796 813
797 794
798 783
799 787
800 789
801 811
802 806
803 800
804 816
805 807
806 790
807 783
808 786
809 799
810 783
811 799
812 791
813 808
814 781
815 814
816 786
818 846
819 853
820 850
821 848
822 845
823 838
824 846
825 821
826 829
827 819
828 836
829 818
830 817
831 853
832 817
833 846
834 847
835 845
836 827
837 823
838 820
839 842
840 817
841 831
842 832
843 829
844 826
845 820
846 835
847 848
848 840
849 820
850 842
851 845
852 851
853 852
854 841
856 860
857 861
858 859
859 886
860 855
861 856
862 884
863 866
864 859
865 867
866 872
867 888
868 859
869 882
870 863
871 874
872 862
873 866
874 881
875 860
876 877
877 871
878 888
879 868
880 872
881 863
882 873
883 864
884 860
885 883
886 863
887 870
888 883
